SIZE=160x128
CELL=4
COLS=40
ROWS=32
0000000000000000000000000000000000000000
0000000000000000000000000000000000000000
0000000000000000000000000000000000000000
0000000000000000000000000000000000000000
0000000000000000000000000000000000000000
0000011111111111111111100000011000000000
0000011111111111111111100000011000000000
0000011111111111111111100000011000000000
0000011111111111111111100000011000000000
0000011111111111111111100000011000000000
0000011111111111111111100000011000000000
0000011111111111111111100000011000000000
0000111111111111111111100000011000000000
1111111111111111111111100000011000000000
1111111111111111111111100000011000000000
1111111111111111111111100000011000000000
1111111111111111111111100000011000000000
1111111111111111111111100000011000000000
1111111111111111111111100000011000000000
0000111111111111111111100000011000000000
0000011111111111111111100000011000000000
0000011111111111111111100000011000000000
0000011111111111111111100000011000000000
0000011111111111111111100000011000000000
0000011111111111111111100000011000000000
0000011111111111111111100000011000000000
0000011111111111111111100000011000000000
0000000000000000000000000000000000000000
0000000000000000000000000000000000000000
0000000000000000000000000000000000000000
0000000000000000000000000000000000000000
0000000000000000000000000000000000000000
